--https://www.roblox.com/games/3101667897/Legends-Of-Speed


















































































































































































































































































































































































































































































































































































































































































































































































































































































































































































































































































































































































































































































































































































































































































































































































































local Library = loadstring(game:HttpGet("https://raw.githubusercontent.com/xHeptc/Kavo-UI-Library/main/source.lua"))()
local Window = Library.CreateLib("nihub 1.0.3", "DarkTheme")

local Main = Window:NewTab("Auto Farm")
local MainSection = Main:NewSection("Main")

    MainSection:NewButton("Auto Step and Rebirth (rejoin for stop)", "auto win for you!", function()


	spawn(function()
    while wait() do
        game:GetService("ReplicatedStorage").rEvents.rebirthEvent:FireServer("rebirthRequest")
    end
end)

while wait(0.1) do
local A_1 = "collectOrb" local A_2 = "Yellow Orb" local A_3 = "City" local Event = game:GetService("ReplicatedStorage").rEvents.orbEvent Event:FireServer(A_1, A_2, A_3) local A_1 = "collectOrb" local A_2 = "Yellow Orb" local A_3 = "City" local Event = game:GetService("ReplicatedStorage").rEvents.orbEvent Event:FireServer(A_1, A_2, A_3) local A_1 = "collectOrb" local A_2 = "Yellow Orb" local A_3 = "City" local Event = game:GetService("ReplicatedStorage").rEvents.orbEvent Event:FireServer(A_1, A_2, A_3) local A_1 = "collectOrb" local A_2 = "Yellow Orb" local A_3 = "City" local Event = game:GetService("ReplicatedStorage").rEvents.orbEvent Event:FireServer(A_1, A_2, A_3) local A_1 = "collectOrb" local A_2 = "Yellow Orb" local A_3 = "City" local Event = game:GetService("ReplicatedStorage").rEvents.orbEvent Event:FireServer(A_1, A_2, A_3) local A_1 = "collectOrb" local A_2 = "Yellow Orb" local A_3 = "City" local Event = game:GetService("ReplicatedStorage").rEvents.orbEvent Event:FireServer(A_1, A_2, A_3) local A_1 = "collectOrb" local A_2 = "Yellow Orb" local A_3 = "City" local Event = game:GetService("ReplicatedStorage").rEvents.orbEvent Event:FireServer(A_1, A_2, A_3) local A_1 = "collectOrb" local A_2 = "Yellow Orb" local A_3 = "City" local Event = game:GetService("ReplicatedStorage").rEvents.orbEvent Event:FireServer(A_1, A_2, A_3) local A_1 = "collectOrb" local A_2 = "Yellow Orb" local A_3 = "City" local Event = game:GetService("ReplicatedStorage").rEvents.orbEvent Event:FireServer(A_1, A_2, A_3) local A_1 = "collectOrb" local A_2 = "Yellow Orb" local A_3 = "City" local Event = game:GetService("ReplicatedStorage").rEvents.orbEvent Event:FireServer(A_1, A_2, A_3) local A_1 = "collectOrb" local A_2 = "Yellow Orb" local A_3 = "City" local Event = game:GetService("ReplicatedStorage").rEvents.orbEvent Event:FireServer(A_1, A_2, A_3) local A_1 = "collectOrb" local A_2 = "Yellow Orb" local A_3 = "City" local Event = game:GetService("ReplicatedStorage").rEvents.orbEvent Event:FireServer(A_1, A_2, A_3) local A_1 = "collectOrb" local A_2 = "Yellow Orb" local A_3 = "City" local Event = game:GetService("ReplicatedStorage").rEvents.orbEvent Event:FireServer(A_1, A_2, A_3) local A_1 = "collectOrb" local A_2 = "Yellow Orb" local A_3 = "City" local Event = game:GetService("ReplicatedStorage").rEvents.orbEvent Event:FireServer(A_1, A_2, A_3) local A_1 = "collectOrb" local A_2 = "Yellow Orb" local A_3 = "City" local Event = game:GetService("ReplicatedStorage").rEvents.orbEvent Event:FireServer(A_1, A_2, A_3) local A_1 = "collectOrb" local A_2 = "Yellow Orb" local A_3 = "City" local Event = game:GetService("ReplicatedStorage").rEvents.orbEvent Event:FireServer(A_1, A_2, A_3) local A_1 = "collectOrb" local A_2 = "Yellow Orb" local A_3 = "City" local Event = game:GetService("ReplicatedStorage").rEvents.orbEvent Event:FireServer(A_1, A_2, A_3) local A_1 = "collectOrb" local A_2 = "Yellow Orb" local A_3 = "City" local Event = game:GetService("ReplicatedStorage").rEvents.orbEvent Event:FireServer(A_1, A_2, A_3) local A_1 = "collectOrb" local A_2 = "Yellow Orb" local A_3 = "City" local Event = game:GetService("ReplicatedStorage").rEvents.orbEvent Event:FireServer(A_1, A_2, A_3) local A_1 = "collectOrb" local A_2 = "Yellow Orb" local A_3 = "City" local Event = game:GetService("ReplicatedStorage").rEvents.orbEvent Event:FireServer(A_1, A_2, A_3) local A_1 = "collectOrb" local A_2 = "Yellow Orb" local A_3 = "City" local Event = game:GetService("ReplicatedStorage").rEvents.orbEvent Event:FireServer(A_1, A_2, A_3) local A_1 = "collectOrb" local A_2 = "Yellow Orb" local A_3 = "City" local Event = game:GetService("ReplicatedStorage").rEvents.orbEvent Event:FireServer(A_1, A_2, A_3) local A_1 = "collectOrb" local A_2 = "Yellow Orb" local A_3 = "City" local Event = game:GetService("ReplicatedStorage").rEvents.orbEvent Event:FireServer(A_1, A_2, A_3) local A_1 = "collectOrb" local A_2 = "Yellow Orb" local A_3 = "City" local Event = game:GetService("ReplicatedStorage").rEvents.orbEvent Event:FireServer(A_1, A_2, A_3) local A_1 = "collectOrb" local A_2 = "Yellow Orb" local A_3 = "City" local Event = game:GetService("ReplicatedStorage").rEvents.orbEvent Event:FireServer(A_1, A_2, A_3) local A_1 = "collectOrb" local A_2 = "Yellow Orb" local A_3 = "City" local Event = game:GetService("ReplicatedStorage").rEvents.orbEvent Event:FireServer(A_1, A_2, A_3) local A_1 = "collectOrb" local A_2 = "Yellow Orb" local A_3 = "City" local Event = game:GetService("ReplicatedStorage").rEvents.orbEvent Event:FireServer(A_1, A_2, A_3) local A_1 = "collectOrb" local A_2 = "Yellow Orb" local A_3 = "City" local Event = game:GetService("ReplicatedStorage").rEvents.orbEvent Event:FireServer(A_1, A_2, A_3) local A_1 = "collectOrb" local A_2 = "Yellow Orb" local A_3 = "City" local Event = game:GetService("ReplicatedStorage").rEvents.orbEvent Event:FireServer(A_1, A_2, A_3) local A_1 = "collectOrb" local A_2 = "Yellow Orb" local A_3 = "City" local Event = game:GetService("ReplicatedStorage").rEvents.orbEvent Event:FireServer(A_1, A_2, A_3) local A_1 = "collectOrb" local A_2 = "Yellow Orb" local A_3 = "City" local Event = game:GetService("ReplicatedStorage").rEvents.orbEvent Event:FireServer(A_1, A_2, A_3) local A_1 = "collectOrb" local A_2 = "Yellow Orb" local A_3 = "City" local Event = game:GetService("ReplicatedStorage").rEvents.orbEvent Event:FireServer(A_1, A_2, A_3) local A_1 = "collectOrb" local A_2 = "Yellow Orb" local A_3 = "City" local Event = game:GetService("ReplicatedStorage").rEvents.orbEvent Event:FireServer(A_1, A_2, A_3) local A_1 = "collectOrb" local A_2 = "Yellow Orb" local A_3 = "City" local Event = game:GetService("ReplicatedStorage").rEvents.orbEvent Event:FireServer(A_1, A_2, A_3) local A_1 = "collectOrb" local A_2 = "Yellow Orb" local A_3 = "City" local Event = game:GetService("ReplicatedStorage").rEvents.orbEvent Event:FireServer(A_1, A_2, A_3) local A_1 = "collectOrb" local A_2 = "Yellow Orb" local A_3 = "City" local Event = game:GetService("ReplicatedStorage").rEvents.orbEvent Event:FireServer(A_1, A_2, A_3) local A_1 = "collectOrb" local A_2 = "Yellow Orb" local A_3 = "City" local Event = game:GetService("ReplicatedStorage").rEvents.orbEvent Event:FireServer(A_1, A_2, A_3) local A_1 = "collectOrb" local A_2 = "Yellow Orb" local A_3 = "City" local Event = game:GetService("ReplicatedStorage").rEvents.orbEvent Event:FireServer(A_1, A_2, A_3) local A_1 = "collectOrb" local A_2 = "Yellow Orb" local A_3 = "City" local Event = game:GetService("ReplicatedStorage").rEvents.orbEvent Event:FireServer(A_1, A_2, A_3) local A_1 = "collectOrb" local A_2 = "Yellow Orb" local A_3 = "City" local Event = game:GetService("ReplicatedStorage").rEvents.orbEvent Event:FireServer(A_1, A_2, A_3) local A_1 = "collectOrb" local A_2 = "Yellow Orb" local A_3 = "City" local Event = game:GetService("ReplicatedStorage").rEvents.orbEvent Event:FireServer(A_1, A_2, A_3) local A_1 = "collectOrb" local A_2 = "Yellow Orb" local A_3 = "City" local Event = game:GetService("ReplicatedStorage").rEvents.orbEvent Event:FireServer(A_1, A_2, A_3) local A_1 = "collectOrb" local A_2 = "Yellow Orb" local A_3 = "City" local Event = game:GetService("ReplicatedStorage").rEvents.orbEvent Event:FireServer(A_1, A_2, A_3) local A_1 = "collectOrb" local A_2 = "Yellow Orb" local A_3 = "City" local Event = game:GetService("ReplicatedStorage").rEvents.orbEvent Event:FireServer(A_1, A_2, A_3) local A_1 = "collectOrb" local A_2 = "Yellow Orb" local A_3 = "City" local Event = game:GetService("ReplicatedStorage").rEvents.orbEvent Event:FireServer(A_1, A_2, A_3) local A_1 = "collectOrb" local A_2 = "Yellow Orb" local A_3 = "City" local Event = game:GetService("ReplicatedStorage").rEvents.orbEvent Event:FireServer(A_1, A_2, A_3) local A_1 = "collectOrb" local A_2 = "Yellow Orb" local A_3 = "City" local Event = game:GetService("ReplicatedStorage").rEvents.orbEvent Event:FireServer(A_1, A_2, A_3) local A_1 = "collectOrb" local A_2 = "Yellow Orb" local A_3 = "City" local Event = game:GetService("ReplicatedStorage").rEvents.orbEvent Event:FireServer(A_1, A_2, A_3) local A_1 = "collectOrb" local A_2 = "Yellow Orb" local A_3 = "City" local Event = game:GetService("ReplicatedStorage").rEvents.orbEvent Event:FireServer(A_1, A_2, A_3) local A_1 = "collectOrb" local A_2 = "Yellow Orb" local A_3 = "City" local Event = game:GetService("ReplicatedStorage").rEvents.orbEvent Event:FireServer(A_1, A_2, A_3) 
end


    end)


    MainSection:NewButton("Auto Take Chest", "auto win for you!", function()
    game.Players.LocalPlayer.Character.HumanoidRootPart.CFrame = CFrame.new(-673.126892, 61.4364395, -266.883942, 3.23057175e-05, 0.707060337, -0.707153201, -1, 3.23057175e-05, -1.33812428e-05, 1.33812428e-05, 0.707153201, 0.707060337)
    wait(0.2)
    game.Players.LocalPlayer.Character.HumanoidRootPart.CFrame = CFrame.new(-673.126892, 61.4364395, -266.883942, 3.23057175e-05, 0.707060337, -0.707153201, -1, 3.23057175e-05, -1.33812428e-05, 1.33812428e-05, 0.707153201, 0.707060337)
    wait(0.2)
    game.Players.LocalPlayer.Character.HumanoidRootPart.CFrame = CFrame.new(-673.126892, 61.4364395, -266.883942, 3.23057175e-05, 0.707060337, -0.707153201, -1, 3.23057175e-05, -1.33812428e-05, 1.33812428e-05, 0.707153201, 0.707060337)
    wait(0.2)
    game.Players.LocalPlayer.Character.HumanoidRootPart.CFrame = CFrame.new(-592.158936, 69.4364929, 2141.2854, 5.96046448e-07, 0.0871878564, -0.996191859, -1, 5.96046448e-07, -5.66244125e-07, 5.66244125e-07, 0.996191859, 0.0871878266)
    wait(0.2)
    game.Players.LocalPlayer.Character.HumanoidRootPart.CFrame = CFrame.new(-592.158936, 69.4364929, 2141.2854, 5.96046448e-07, 0.0871878564, -0.996191859, -1, 5.96046448e-07, -5.66244125e-07, 5.66244125e-07, 0.996191859, 0.0871878266)
    wait(0.2)
    game.Players.LocalPlayer.Character.HumanoidRootPart.CFrame = CFrame.new(-592.158936, 69.4364929, 2141.2854, 5.96046448e-07, 0.0871878564, -0.996191859, -1, 5.96046448e-07, -5.66244125e-07, 5.66244125e-07, 0.996191859, 0.0871878266)
    wait(0.2)
    game.Players.LocalPlayer.Character.HumanoidRootPart.CFrame = CFrame.new(2485.51147, 65.4364395, 3988.69727, 1.13844872e-05, -0.766070843, -0.642756104, -1, -1.13248825e-05, -4.14252281e-06, -4.14252281e-06, 0.642756104, -0.766070843)
    wait(0.2)
    game.Players.LocalPlayer.Character.HumanoidRootPart.CFrame = CFrame.new(2485.51147, 65.4364395, 3988.69727, 1.13844872e-05, -0.766070843, -0.642756104, -1, -1.13248825e-05, -4.14252281e-06, -4.14252281e-06, 0.642756104, -0.766070843)
    wait(0.2)
    game.Players.LocalPlayer.Character.HumanoidRootPart.CFrame = CFrame.new(2485.51147, 65.4364395, 3988.69727, 1.13844872e-05, -0.766070843, -0.642756104, -1, -1.13248825e-05, -4.14252281e-06, -4.14252281e-06, 0.642756104, -0.766070843)
    wait(0.2)
    end)

    MainSection:NewButton("Auto Circle (Reset For Stop)", "farm", function()
while wait() do
    game.Players.LocalPlayer.Character.HumanoidRootPart.CFrame = CFrame.new(-85.7747726, 121.592987, -111.260498, 0.275511861, 5.82857531e-08, -0.961297691, 5.32373789e-08, 1, 7.58904193e-08, 0.961297691, -7.20856761e-08, 0.275511861)
    wait(0.2)
    game.Players.LocalPlayer.Character.HumanoidRootPart.CFrame = CFrame.new(-85.7747726, 121.592987, -111.260498, 0.275511861, 5.82857531e-08, -0.961297691, 5.32373789e-08, 1, 7.58904193e-08, 0.961297691, -7.20856761e-08, 0.275511861)
    wait(0.2)
    game.Players.LocalPlayer.Character.HumanoidRootPart.CFrame = CFrame.new(-85.7747726, 121.592987, -111.260498, 0.275511861, 5.82857531e-08, -0.961297691, 5.32373789e-08, 1, 7.58904193e-08, 0.961297691, -7.20856761e-08, 0.275511861)
    wait(0.2)
    game.Players.LocalPlayer.Character.HumanoidRootPart.CFrame = CFrame.new(-85.7747726, 121.592987, -111.260498, 0.275511861, 5.82857531e-08, -0.961297691, 5.32373789e-08, 1, 7.58904193e-08, 0.961297691, -7.20856761e-08, 0.275511861)
    wait(0.2)
    game.Players.LocalPlayer.Character.HumanoidRootPart.CFrame = CFrame.new(-85.7747726, 121.592987, -111.260498, 0.275511861, 5.82857531e-08, -0.961297691, 5.32373789e-08, 1, 7.58904193e-08, 0.961297691, -7.20856761e-08, 0.275511861)
    wait(0.2)
    game.Players.LocalPlayer.Character.HumanoidRootPart.CFrame = CFrame.new(-85.7747726, 121.592987, -111.260498, 0.275511861, 5.82857531e-08, -0.961297691, 5.32373789e-08, 1, 7.58904193e-08, 0.961297691, -7.20856761e-08, 0.275511861)
    wait(0.2)
    game.Players.LocalPlayer.Character.HumanoidRootPart.CFrame = CFrame.new(-85.7747726, 121.592987, -111.260498, 0.275511861, 5.82857531e-08, -0.961297691, 5.32373789e-08, 1, 7.58904193e-08, 0.961297691, -7.20856761e-08, 0.275511861)
    wait(0.2)
    game.Players.LocalPlayer.Character.HumanoidRootPart.CFrame = CFrame.new(-85.7747726, 121.592987, -111.260498, 0.275511861, 5.82857531e-08, -0.961297691, 5.32373789e-08, 1, 7.58904193e-08, 0.961297691, -7.20856761e-08, 0.275511861)
    wait(0.2)
    game.Players.LocalPlayer.Character.HumanoidRootPart.CFrame = CFrame.new(-535.338135, 59.0347366, -134.35463, 0.798643947, -4.3467665e-08, 0.601803839, 1.55679931e-08, 1, 5.15689358e-08, -0.601803839, -3.1816338e-08, 0.798643947)
    wait(0.2)
    game.Players.LocalPlayer.Character.HumanoidRootPart.CFrame = CFrame.new(-535.338135, 59.0347366, -134.35463, 0.798643947, -4.3467665e-08, 0.601803839, 1.55679931e-08, 1, 5.15689358e-08, -0.601803839, -3.1816338e-08, 0.798643947)
    wait(0.2)
    game.Players.LocalPlayer.Character.HumanoidRootPart.CFrame = CFrame.new(-535.338135, 59.0347366, -134.35463, 0.798643947, -4.3467665e-08, 0.601803839, 1.55679931e-08, 1, 5.15689358e-08, -0.601803839, -3.1816338e-08, 0.798643947)
    wait(0.2)
    game.Players.LocalPlayer.Character.HumanoidRootPart.CFrame = CFrame.new(-535.338135, 59.0347366, -134.35463, 0.798643947, -4.3467665e-08, 0.601803839, 1.55679931e-08, 1, 5.15689358e-08, -0.601803839, -3.1816338e-08, 0.798643947)
    wait(0.2)
    game.Players.LocalPlayer.Character.HumanoidRootPart.CFrame = CFrame.new(-535.338135, 59.0347366, -134.35463, 0.798643947, -4.3467665e-08, 0.601803839, 1.55679931e-08, 1, 5.15689358e-08, -0.601803839, -3.1816338e-08, 0.798643947)
    wait(0.2)
    game.Players.LocalPlayer.Character.HumanoidRootPart.CFrame = CFrame.new(-535.338135, 59.0347366, -134.35463, 0.798643947, -4.3467665e-08, 0.601803839, 1.55679931e-08, 1, 5.15689358e-08, -0.601803839, -3.1816338e-08, 0.798643947)
    wait(0.2)
    game.Players.LocalPlayer.Character.HumanoidRootPart.CFrame = CFrame.new(-536.022278, 58.0007286, 208.068253, -0.902583957, -1.60007847e-08, 0.430513829, -2.85181905e-08, 1, -2.26224497e-08, -0.430513829, -3.26961356e-08, -0.902583957)
    wait(0.2)
    game.Players.LocalPlayer.Character.HumanoidRootPart.CFrame = CFrame.new(-536.022278, 58.0007286, 208.068253, -0.902583957, -1.60007847e-08, 0.430513829, -2.85181905e-08, 1, -2.26224497e-08, -0.430513829, -3.26961356e-08, -0.902583957)
    wait(0.2)
    game.Players.LocalPlayer.Character.HumanoidRootPart.CFrame = CFrame.new(-536.022278, 58.0007286, 208.068253, -0.902583957, -1.60007847e-08, 0.430513829, -2.85181905e-08, 1, -2.26224497e-08, -0.430513829, -3.26961356e-08, -0.902583957)
    wait(0.2)
    game.Players.LocalPlayer.Character.HumanoidRootPart.CFrame = CFrame.new(-536.022278, 58.0007286, 208.068253, -0.902583957, -1.60007847e-08, 0.430513829, -2.85181905e-08, 1, -2.26224497e-08, -0.430513829, -3.26961356e-08, -0.902583957)
    wait(0.2)
    game.Players.LocalPlayer.Character.HumanoidRootPart.CFrame = CFrame.new(-536.022278, 58.0007286, 208.068253, -0.902583957, -1.60007847e-08, 0.430513829, -2.85181905e-08, 1, -2.26224497e-08, -0.430513829, -3.26961356e-08, -0.902583957)
    wait(0.2)
    game.Players.LocalPlayer.Character.HumanoidRootPart.CFrame = CFrame.new(-536.022278, 58.0007286, 208.068253, -0.902583957, -1.60007847e-08, 0.430513829, -2.85181905e-08, 1, -2.26224497e-08, -0.430513829, -3.26961356e-08, -0.902583957)
    wait(0.2)
    game.Players.LocalPlayer.Character.HumanoidRootPart.CFrame = CFrame.new(231.309052, 93.2792969, 79.4883575, -0.0261836089, -6.00234031e-08, -0.999657154, -1.51536383e-08, 1, -5.96470784e-08, 0.999657154, 1.35866678e-08, -0.0261836089)
    wait(0.2)
    game.Players.LocalPlayer.Character.HumanoidRootPart.CFrame = CFrame.new(231.309052, 93.2792969, 79.4883575, -0.0261836089, -6.00234031e-08, -0.999657154, -1.51536383e-08, 1, -5.96470784e-08, 0.999657154, 1.35866678e-08, -0.0261836089)
    wait(0.2)
    game.Players.LocalPlayer.Character.HumanoidRootPart.CFrame = CFrame.new(231.309052, 93.2792969, 79.4883575, -0.0261836089, -6.00234031e-08, -0.999657154, -1.51536383e-08, 1, -5.96470784e-08, 0.999657154, 1.35866678e-08, -0.0261836089)
    wait(0.2)
    game.Players.LocalPlayer.Character.HumanoidRootPart.CFrame = CFrame.new(231.309052, 93.2792969, 79.4883575, -0.0261836089, -6.00234031e-08, -0.999657154, -1.51536383e-08, 1, -5.96470784e-08, 0.999657154, 1.35866678e-08, -0.0261836089)
    wait(0.2)
    game.Players.LocalPlayer.Character.HumanoidRootPart.CFrame = CFrame.new(231.309052, 93.2792969, 79.4883575, -0.0261836089, -6.00234031e-08, -0.999657154, -1.51536383e-08, 1, -5.96470784e-08, 0.999657154, 1.35866678e-08, -0.0261836089)
    wait(0.2)
    game.Players.LocalPlayer.Character.HumanoidRootPart.CFrame = CFrame.new(231.309052, 93.2792969, 79.4883575, -0.0261836089, -6.00234031e-08, -0.999657154, -1.51536383e-08, 1, -5.96470784e-08, 0.999657154, 1.35866678e-08, -0.0261836089)
    wait(0.2)
    game.Players.LocalPlayer.Character.HumanoidRootPart.CFrame = CFrame.new(231.309052, 93.2792969, 79.4883575, -0.0261836089, -6.00234031e-08, -0.999657154, -1.51536383e-08, 1, -5.96470784e-08, 0.999657154, 1.35866678e-08, -0.0261836089)
    wait(0.2)
    game.Players.LocalPlayer.Character.HumanoidRootPart.CFrame = CFrame.new(231.309052, 93.2792969, 79.4883575, -0.0261836089, -6.00234031e-08, -0.999657154, -1.51536383e-08, 1, -5.96470784e-08, 0.999657154, 1.35866678e-08, -0.0261836089)
    wait(0.2)
    game.Players.LocalPlayer.Character.HumanoidRootPart.CFrame = CFrame.new(231.309052, 93.2792969, 79.4883575, -0.0261836089, -6.00234031e-08, -0.999657154, -1.51536383e-08, 1, -5.96470784e-08, 0.999657154, 1.35866678e-08, -0.0261836089)
    wait(0.2)
    game.Players.LocalPlayer.Character.HumanoidRootPart.CFrame = CFrame.new(231.309052, 93.2792969, 79.4883575, -0.0261836089, -6.00234031e-08, -0.999657154, -1.51536383e-08, 1, -5.96470784e-08, 0.999657154, 1.35866678e-08, -0.0261836089)
    wait(0.2)
    game.Players.LocalPlayer.Character.HumanoidRootPart.CFrame = CFrame.new(-13140.8779, 200.85762, 4465.38623, 8.70227814e-06, 0.0200170279, 0.999799609, -1, 8.70227814e-06, 8.55326653e-06, -8.55326653e-06, -0.999799609, 0.0200170279)
    wait(0.2)
    game.Players.LocalPlayer.Character.HumanoidRootPart.CFrame = CFrame.new(-13140.8779, 200.85762, 4465.38623, 8.70227814e-06, 0.0200170279, 0.999799609, -1, 8.70227814e-06, 8.55326653e-06, -8.55326653e-06, -0.999799609, 0.0200170279)
    wait(0.2)
    game.Players.LocalPlayer.Character.HumanoidRootPart.CFrame = CFrame.new(-13140.8779, 200.85762, 4465.38623, 8.70227814e-06, 0.0200170279, 0.999799609, -1, 8.70227814e-06, 8.55326653e-06, -8.55326653e-06, -0.999799609, 0.0200170279)
    wait(0.2)
    game.Players.LocalPlayer.Character.HumanoidRootPart.CFrame = CFrame.new(-13140.8779, 200.85762, 4465.38623, 8.70227814e-06, 0.0200170279, 0.999799609, -1, 8.70227814e-06, 8.55326653e-06, -8.55326653e-06, -0.999799609, 0.0200170279)
    wait(0.2)
    game.Players.LocalPlayer.Character.HumanoidRootPart.CFrame = CFrame.new(-13140.8779, 200.85762, 4465.38623, 8.70227814e-06, 0.0200170279, 0.999799609, -1, 8.70227814e-06, 8.55326653e-06, -8.55326653e-06, -0.999799609, 0.0200170279)
    wait(0.2)
    game.Players.LocalPlayer.Character.HumanoidRootPart.CFrame = CFrame.new(-13140.8779, 200.85762, 4465.38623, 8.70227814e-06, 0.0200170279, 0.999799609, -1, 8.70227814e-06, 8.55326653e-06, -8.55326653e-06, -0.999799609, 0.0200170279)
    wait(0.2)
    game.Players.LocalPlayer.Character.HumanoidRootPart.CFrame = CFrame.new(-13140.8779, 200.85762, 4465.38623, 8.70227814e-06, 0.0200170279, 0.999799609, -1, 8.70227814e-06, 8.55326653e-06, -8.55326653e-06, -0.999799609, 0.0200170279)
    wait(0.2)
    game.Players.LocalPlayer.Character.HumanoidRootPart.CFrame = CFrame.new(-12993.0518, 200.85762, 5222.70654, 8.70227814e-06, 0.0200170279, 0.999799609, -1, 8.70227814e-06, 8.55326653e-06, -8.55326653e-06, -0.999799609, 0.0200170279)
    wait(0.2)
    game.Players.LocalPlayer.Character.HumanoidRootPart.CFrame = CFrame.new(-12993.0518, 200.85762, 5222.70654, 8.70227814e-06, 0.0200170279, 0.999799609, -1, 8.70227814e-06, 8.55326653e-06, -8.55326653e-06, -0.999799609, 0.0200170279)
    wait(0.2)
    game.Players.LocalPlayer.Character.HumanoidRootPart.CFrame = CFrame.new(-12993.0518, 200.85762, 5222.70654, 8.70227814e-06, 0.0200170279, 0.999799609, -1, 8.70227814e-06, 8.55326653e-06, -8.55326653e-06, -0.999799609, 0.0200170279)
    wait(0.2)
    game.Players.LocalPlayer.Character.HumanoidRootPart.CFrame = CFrame.new(-12993.0518, 200.85762, 5222.70654, 8.70227814e-06, 0.0200170279, 0.999799609, -1, 8.70227814e-06, 8.55326653e-06, -8.55326653e-06, -0.999799609, 0.0200170279)
    wait(0.2)
    game.Players.LocalPlayer.Character.HumanoidRootPart.CFrame = CFrame.new(-12993.0518, 200.85762, 5222.70654, 8.70227814e-06, 0.0200170279, 0.999799609, -1, 8.70227814e-06, 8.55326653e-06, -8.55326653e-06, -0.999799609, 0.0200170279)
    wait(0.2)
    game.Players.LocalPlayer.Character.HumanoidRootPart.CFrame = CFrame.new(-12993.0518, 200.85762, 5222.70654, 8.70227814e-06, 0.0200170279, 0.999799609, -1, 8.70227814e-06, 8.55326653e-06, -8.55326653e-06, -0.999799609, 0.0200170279)
    wait(0.2)
    game.Players.LocalPlayer.Character.HumanoidRootPart.CFrame = CFrame.new(-12993.0518, 200.85762, 5222.70654, 8.70227814e-06, 0.0200170279, 0.999799609, -1, 8.70227814e-06, 8.55326653e-06, -8.55326653e-06, -0.999799609, 0.0200170279)
    wait(0.2)
    game.Players.LocalPlayer.Character.HumanoidRootPart.CFrame = CFrame.new(-13254.3594, 222.457626, 4891.59521, 8.70227814e-06, 0.0200170279, 0.999799609, -1, 8.70227814e-06, 8.55326653e-06, -8.55326653e-06, -0.999799609, 0.0200170279)
    wait(0.2)
    game.Players.LocalPlayer.Character.HumanoidRootPart.CFrame = CFrame.new(-13254.3594, 222.457626, 4891.59521, 8.70227814e-06, 0.0200170279, 0.999799609, -1, 8.70227814e-06, 8.55326653e-06, -8.55326653e-06, -0.999799609, 0.0200170279)
    wait(0.2)
    game.Players.LocalPlayer.Character.HumanoidRootPart.CFrame = CFrame.new(-13254.3594, 222.457626, 4891.59521, 8.70227814e-06, 0.0200170279, 0.999799609, -1, 8.70227814e-06, 8.55326653e-06, -8.55326653e-06, -0.999799609, 0.0200170279)
    wait(0.2)
    game.Players.LocalPlayer.Character.HumanoidRootPart.CFrame = CFrame.new(-13254.3594, 222.457626, 4891.59521, 8.70227814e-06, 0.0200170279, 0.999799609, -1, 8.70227814e-06, 8.55326653e-06, -8.55326653e-06, -0.999799609, 0.0200170279)
    wait(0.2)
    game.Players.LocalPlayer.Character.HumanoidRootPart.CFrame = CFrame.new(-13254.3594, 222.457626, 4891.59521, 8.70227814e-06, 0.0200170279, 0.999799609, -1, 8.70227814e-06, 8.55326653e-06, -8.55326653e-06, -0.999799609, 0.0200170279)
    wait(0.2)
    game.Players.LocalPlayer.Character.HumanoidRootPart.CFrame = CFrame.new(-13254.3594, 222.457626, 4891.59521, 8.70227814e-06, 0.0200170279, 0.999799609, -1, 8.70227814e-06, 8.55326653e-06, -8.55326653e-06, -0.999799609, 0.0200170279)
    wait(0.2)
    game.Players.LocalPlayer.Character.HumanoidRootPart.CFrame = CFrame.new(4650.22803, 221.242523, 5608.65186, -4.30345535e-05, -0.984805167, 0.173663586, -1.00000012, 4.27365303e-05, -3.75509262e-06, -3.75509262e-06, -0.173663586, -0.984805346)
    wait(0.2)
    game.Players.LocalPlayer.Character.HumanoidRootPart.CFrame = CFrame.new(4650.22803, 221.242523, 5608.65186, -4.30345535e-05, -0.984805167, 0.173663586, -1.00000012, 4.27365303e-05, -3.75509262e-06, -3.75509262e-06, -0.173663586, -0.984805346)
    wait(0.2)
    game.Players.LocalPlayer.Character.HumanoidRootPart.CFrame = CFrame.new(4650.22803, 221.242523, 5608.65186, -4.30345535e-05, -0.984805167, 0.173663586, -1.00000012, 4.27365303e-05, -3.75509262e-06, -3.75509262e-06, -0.173663586, -0.984805346)
    wait(0.2)
    game.Players.LocalPlayer.Character.HumanoidRootPart.CFrame = CFrame.new(4650.22803, 221.242523, 5608.65186, -4.30345535e-05, -0.984805167, 0.173663586, -1.00000012, 4.27365303e-05, -3.75509262e-06, -3.75509262e-06, -0.173663586, -0.984805346)
    wait(0.2)
    game.Players.LocalPlayer.Character.HumanoidRootPart.CFrame = CFrame.new(4650.22803, 221.242523, 5608.65186, -4.30345535e-05, -0.984805167, 0.173663586, -1.00000012, 4.27365303e-05, -3.75509262e-06, -3.75509262e-06, -0.173663586, -0.984805346)
    wait(0.2)
    game.Players.LocalPlayer.Character.HumanoidRootPart.CFrame = CFrame.new(3980.02271, 159.935181, 5589.11572, 0, -1, -0, -1, 0, -0, 0, 0, -1)
    wait(0.2)
    game.Players.LocalPlayer.Character.HumanoidRootPart.CFrame = CFrame.new(3980.02271, 159.935181, 5589.11572, 0, -1, -0, -1, 0, -0, 0, 0, -1)
    wait(0.2)
    game.Players.LocalPlayer.Character.HumanoidRootPart.CFrame = CFrame.new(3980.02271, 159.935181, 5589.11572, 0, -1, -0, -1, 0, -0, 0, 0, -1)
    wait(0.2)
    game.Players.LocalPlayer.Character.HumanoidRootPart.CFrame = CFrame.new(3980.02271, 159.935181, 5589.11572, 0, -1, -0, -1, 0, -0, 0, 0, -1)
    wait(0.2)
    game.Players.LocalPlayer.Character.HumanoidRootPart.CFrame = CFrame.new(3980.02271, 159.935181, 5589.11572, 0, -1, -0, -1, 0, -0, 0, 0, -1)
    wait(0.2)
    game.Players.LocalPlayer.Character.HumanoidRootPart.CFrame = CFrame.new(3980.02271, 159.935181, 5589.11572, 0, -1, -0, -1, 0, -0, 0, 0, -1)
    wait(0.2)
    game.Players.LocalPlayer.Character.HumanoidRootPart.CFrame = CFrame.new(3980.02271, 159.935181, 5589.11572, 0, -1, -0, -1, 0, -0, 0, 0, -1)
    wait(0.2)
    game.Players.LocalPlayer.Character.HumanoidRootPart.CFrame = CFrame.new(5392.49902, 297.850708, 5885.29834, -4.94718552e-05, -0.819112599, 0.573632717, -0.99999994, 4.94718552e-05, -1.55866146e-05, -1.55866146e-05, -0.573632717, -0.819112539)
    wait(0.2)
    game.Players.LocalPlayer.Character.HumanoidRootPart.CFrame = CFrame.new(5392.49902, 297.850708, 5885.29834, -4.94718552e-05, -0.819112599, 0.573632717, -0.99999994, 4.94718552e-05, -1.55866146e-05, -1.55866146e-05, -0.573632717, -0.819112539)
    wait(0.2)
    game.Players.LocalPlayer.Character.HumanoidRootPart.CFrame = CFrame.new(5392.49902, 297.850708, 5885.29834, -4.94718552e-05, -0.819112599, 0.573632717, -0.99999994, 4.94718552e-05, -1.55866146e-05, -1.55866146e-05, -0.573632717, -0.819112539)
    wait(0.2)
    game.Players.LocalPlayer.Character.HumanoidRootPart.CFrame = CFrame.new(5392.49902, 297.850708, 5885.29834, -4.94718552e-05, -0.819112599, 0.573632717, -0.99999994, 4.94718552e-05, -1.55866146e-05, -1.55866146e-05, -0.573632717, -0.819112539)
    wait(0.2)
    game.Players.LocalPlayer.Character.HumanoidRootPart.CFrame = CFrame.new(5392.49902, 297.850708, 5885.29834, -4.94718552e-05, -0.819112599, 0.573632717, -0.99999994, 4.94718552e-05, -1.55866146e-05, -1.55866146e-05, -0.573632717, -0.819112539)
    wait(0.2)
    game.Players.LocalPlayer.Character.HumanoidRootPart.CFrame = CFrame.new(5392.49902, 297.850708, 5885.29834, -4.94718552e-05, -0.819112599, 0.573632717, -0.99999994, 4.94718552e-05, -1.55866146e-05, -1.55866146e-05, -0.573632717, -0.819112539)
    wait(0.2)
    game.Players.LocalPlayer.Character.HumanoidRootPart.CFrame = CFrame.new(5392.49902, 297.850708, 5885.29834, -4.94718552e-05, -0.819112599, 0.573632717, -0.99999994, 4.94718552e-05, -1.55866146e-05, -1.55866146e-05, -0.573632717, -0.819112539)
    wait(0.2)
    game.Players.LocalPlayer.Character.HumanoidRootPart.CFrame = CFrame.new(5666.27734, 326.553741, 6494.69971, -5.96046448e-07, 0.0871878564, 0.996191859, -1, -5.96046448e-07, -5.66244125e-07, 5.66244125e-07, -0.996191859, 0.0871878266)
    wait(0.2)
    game.Players.LocalPlayer.Character.HumanoidRootPart.CFrame = CFrame.new(5666.27734, 326.553741, 6494.69971, -5.96046448e-07, 0.0871878564, 0.996191859, -1, -5.96046448e-07, -5.66244125e-07, 5.66244125e-07, -0.996191859, 0.0871878266)
    wait(0.2)
    game.Players.LocalPlayer.Character.HumanoidRootPart.CFrame = CFrame.new(5666.27734, 326.553741, 6494.69971, -5.96046448e-07, 0.0871878564, 0.996191859, -1, -5.96046448e-07, -5.66244125e-07, 5.66244125e-07, -0.996191859, 0.0871878266)
    wait(0.2)
    game.Players.LocalPlayer.Character.HumanoidRootPart.CFrame = CFrame.new(5666.27734, 326.553741, 6494.69971, -5.96046448e-07, 0.0871878564, 0.996191859, -1, -5.96046448e-07, -5.66244125e-07, 5.66244125e-07, -0.996191859, 0.0871878266)
    wait(0.2)
    game.Players.LocalPlayer.Character.HumanoidRootPart.CFrame = CFrame.new(5666.27734, 326.553741, 6494.69971, -5.96046448e-07, 0.0871878564, 0.996191859, -1, -5.96046448e-07, -5.66244125e-07, 5.66244125e-07, -0.996191859, 0.0871878266)
    wait(0.2)
    game.Players.LocalPlayer.Character.HumanoidRootPart.CFrame = CFrame.new(3806.31958, 299.433289, 7225.60938, 4.76837158e-05, -0.996190667, -0.0872024298, -1, -4.76837158e-05, -2.08243728e-06, -2.08243728e-06, 0.0872024298, -0.996190667)
    wait(0.2)
    game.Players.LocalPlayer.Character.HumanoidRootPart.CFrame = CFrame.new(3806.31958, 299.433289, 7225.60938, 4.76837158e-05, -0.996190667, -0.0872024298, -1, -4.76837158e-05, -2.08243728e-06, -2.08243728e-06, 0.0872024298, -0.996190667)
    wait(0.2)
    game.Players.LocalPlayer.Character.HumanoidRootPart.CFrame = CFrame.new(3806.31958, 299.433289, 7225.60938, 4.76837158e-05, -0.996190667, -0.0872024298, -1, -4.76837158e-05, -2.08243728e-06, -2.08243728e-06, 0.0872024298, -0.996190667)
    wait(0.2)
    game.Players.LocalPlayer.Character.HumanoidRootPart.CFrame = CFrame.new(3806.31958, 299.433289, 7225.60938, 4.76837158e-05, -0.996190667, -0.0872024298, -1, -4.76837158e-05, -2.08243728e-06, -2.08243728e-06, 0.0872024298, -0.996190667)
    wait(0.2)
    game.Players.LocalPlayer.Character.HumanoidRootPart.CFrame = CFrame.new(3806.31958, 299.433289, 7225.60938, 4.76837158e-05, -0.996190667, -0.0872024298, -1, -4.76837158e-05, -2.08243728e-06, -2.08243728e-06, 0.0872024298, -0.996190667)
    wait(0.2)
    game.Players.LocalPlayer.Character.HumanoidRootPart.CFrame = CFrame.new(3806.31958, 299.433289, 7225.60938, 4.76837158e-05, -0.996190667, -0.0872024298, -1, -4.76837158e-05, -2.08243728e-06, -2.08243728e-06, 0.0872024298, -0.996190667)
    wait(0.2)
    game.Players.LocalPlayer.Character.HumanoidRootPart.CFrame = CFrame.new(4516.79004, 221.241058, 7181.66162, 4.76837158e-05, -0.996190667, -0.0872024298, -1, -4.76837158e-05, -2.08243728e-06, -2.08243728e-06, 0.0872024298, -0.996190667)
    wait(0.2)
    game.Players.LocalPlayer.Character.HumanoidRootPart.CFrame = CFrame.new(4516.79004, 221.241058, 7181.66162, 4.76837158e-05, -0.996190667, -0.0872024298, -1, -4.76837158e-05, -2.08243728e-06, -2.08243728e-06, 0.0872024298, -0.996190667)
    wait(0.2)
    game.Players.LocalPlayer.Character.HumanoidRootPart.CFrame = CFrame.new(4516.79004, 221.241058, 7181.66162, 4.76837158e-05, -0.996190667, -0.0872024298, -1, -4.76837158e-05, -2.08243728e-06, -2.08243728e-06, 0.0872024298, -0.996190667)
    wait(0.2)
    game.Players.LocalPlayer.Character.HumanoidRootPart.CFrame = CFrame.new(4516.79004, 221.241058, 7181.66162, 4.76837158e-05, -0.996190667, -0.0872024298, -1, -4.76837158e-05, -2.08243728e-06, -2.08243728e-06, 0.0872024298, -0.996190667)
    wait(0.2)
    game.Players.LocalPlayer.Character.HumanoidRootPart.CFrame = CFrame.new(4516.79004, 221.241058, 7181.66162, 4.76837158e-05, -0.996190667, -0.0872024298, -1, -4.76837158e-05, -2.08243728e-06, -2.08243728e-06, 0.0872024298, -0.996190667)
    wait(0.2)
    game.Players.LocalPlayer.Character.HumanoidRootPart.CFrame = CFrame.new(4516.79004, 221.241058, 7181.66162, 4.76837158e-05, -0.996190667, -0.0872024298, -1, -4.76837158e-05, -2.08243728e-06, -2.08243728e-06, 0.0872024298, -0.996190667)
    wait(0.2)
    game.Players.LocalPlayer.Character.HumanoidRootPart.CFrame = CFrame.new(5361.84033, 297.850372, 7025.4126, -2.06232071e-05, -0.866040051, -0.499974549, -0.99999994, 2.06232071e-05, 5.5283308e-06, 5.5283308e-06, 0.499974549, -0.866039991)
    wait(0.2)
    game.Players.LocalPlayer.Character.HumanoidRootPart.CFrame = CFrame.new(5361.84033, 297.850372, 7025.4126, -2.06232071e-05, -0.866040051, -0.499974549, -0.99999994, 2.06232071e-05, 5.5283308e-06, 5.5283308e-06, 0.499974549, -0.866039991)
    wait(0.2)
    game.Players.LocalPlayer.Character.HumanoidRootPart.CFrame = CFrame.new(5361.84033, 297.850372, 7025.4126, -2.06232071e-05, -0.866040051, -0.499974549, -0.99999994, 2.06232071e-05, 5.5283308e-06, 5.5283308e-06, 0.499974549, -0.866039991)
    wait(0.2)
    game.Players.LocalPlayer.Character.HumanoidRootPart.CFrame = CFrame.new(5361.84033, 297.850372, 7025.4126, -2.06232071e-05, -0.866040051, -0.499974549, -0.99999994, 2.06232071e-05, 5.5283308e-06, 5.5283308e-06, 0.499974549, -0.866039991)
    wait(0.2)
    game.Players.LocalPlayer.Character.HumanoidRootPart.CFrame = CFrame.new(5361.84033, 297.850372, 7025.4126, -2.06232071e-05, -0.866040051, -0.499974549, -0.99999994, 2.06232071e-05, 5.5283308e-06, 5.5283308e-06, 0.499974549, -0.866039991)
    wait(0.2)
    game.Players.LocalPlayer.Character.HumanoidRootPart.CFrame = CFrame.new(5361.84033, 297.850372, 7025.4126, -2.06232071e-05, -0.866040051, -0.499974549, -0.99999994, 2.06232071e-05, 5.5283308e-06, 5.5283308e-06, 0.499974549, -0.866039991)
    wait(0.2)
    game.Players.LocalPlayer.Character.HumanoidRootPart.CFrame = CFrame.new(5361.84033, 297.850372, 7025.4126, -2.06232071e-05, -0.866040051, -0.499974549, -0.99999994, 2.06232071e-05, 5.5283308e-06, 5.5283308e-06, 0.499974549, -0.866039991)
    wait(0.2)
    game.Players.LocalPlayer.Character.HumanoidRootPart.CFrame = CFrame.new(355.429199, 111.786301, -10924.5957, -4.66108322e-05, 0.998628676, 0.0523534007, -1, -4.66108322e-05, -1.22189522e-06, 1.22189522e-06, -0.0523534007, 0.998628616)
    wait(0.2)
    game.Players.LocalPlayer.Character.HumanoidRootPart.CFrame = CFrame.new(355.429199, 111.786301, -10924.5957, -4.66108322e-05, 0.998628676, 0.0523534007, -1, -4.66108322e-05, -1.22189522e-06, 1.22189522e-06, -0.0523534007, 0.998628616)
    wait(0.2)
    game.Players.LocalPlayer.Character.HumanoidRootPart.CFrame = CFrame.new(355.429199, 111.786301, -10924.5957, -4.66108322e-05, 0.998628676, 0.0523534007, -1, -4.66108322e-05, -1.22189522e-06, 1.22189522e-06, -0.0523534007, 0.998628616)
    wait(0.2)
    game.Players.LocalPlayer.Character.HumanoidRootPart.CFrame = CFrame.new(355.429199, 111.786301, -10924.5957, -4.66108322e-05, 0.998628676, 0.0523534007, -1, -4.66108322e-05, -1.22189522e-06, 1.22189522e-06, -0.0523534007, 0.998628616)
    wait(0.2)
    game.Players.LocalPlayer.Character.HumanoidRootPart.CFrame = CFrame.new(355.429199, 111.786301, -10924.5957, -4.66108322e-05, 0.998628676, 0.0523534007, -1, -4.66108322e-05, -1.22189522e-06, 1.22189522e-06, -0.0523534007, 0.998628616)
    wait(0.2)
    game.Players.LocalPlayer.Character.HumanoidRootPart.CFrame = CFrame.new(355.429199, 111.786301, -10924.5957, -4.66108322e-05, 0.998628676, 0.0523534007, -1, -4.66108322e-05, -1.22189522e-06, 1.22189522e-06, -0.0523534007, 0.998628616)
    wait(0.2)
    game.Players.LocalPlayer.Character.HumanoidRootPart.CFrame = CFrame.new(-278.891968, 66.0969849, -10946.5225, -0.0153386593, 0.989664674, -0.142578512, -0.999882221, -0.0152513981, 0.00170488656, -0.00048726052, 0.142587885, 0.989782035)
    wait(0.2)
    game.Players.LocalPlayer.Character.HumanoidRootPart.CFrame = CFrame.new(-278.891968, 66.0969849, -10946.5225, -0.0153386593, 0.989664674, -0.142578512, -0.999882221, -0.0152513981, 0.00170488656, -0.00048726052, 0.142587885, 0.989782035)
    wait(0.2)
    game.Players.LocalPlayer.Character.HumanoidRootPart.CFrame = CFrame.new(-278.891968, 66.0969849, -10946.5225, -0.0153386593, 0.989664674, -0.142578512, -0.999882221, -0.0152513981, 0.00170488656, -0.00048726052, 0.142587885, 0.989782035)
    wait(0.2)
    game.Players.LocalPlayer.Character.HumanoidRootPart.CFrame = CFrame.new(-278.891968, 66.0969849, -10946.5225, -0.0153386593, 0.989664674, -0.142578512, -0.999882221, -0.0152513981, 0.00170488656, -0.00048726052, 0.142587885, 0.989782035)
    wait(0.2)
    game.Players.LocalPlayer.Character.HumanoidRootPart.CFrame = CFrame.new(-278.891968, 66.0969849, -10946.5225, -0.0153386593, 0.989664674, -0.142578512, -0.999882221, -0.0152513981, 0.00170488656, -0.00048726052, 0.142587885, 0.989782035)
    wait(0.2)
    game.Players.LocalPlayer.Character.HumanoidRootPart.CFrame = CFrame.new(-278.891968, 66.0969849, -10946.5225, -0.0153386593, 0.989664674, -0.142578512, -0.999882221, -0.0152513981, 0.00170488656, -0.00048726052, 0.142587885, 0.989782035)
    wait(0.2)
    game.Players.LocalPlayer.Character.HumanoidRootPart.CFrame = CFrame.new(-11096.9756, 200.85762, 4465.38623, 8.70227814e-06, 0.0200170279, 0.999799609, -1, 8.70227814e-06, 8.55326653e-06, -8.55326653e-06, -0.999799609, 0.0200170279)
    wait(0.2)
    game.Players.LocalPlayer.Character.HumanoidRootPart.CFrame = CFrame.new(-11096.9756, 200.85762, 4465.38623, 8.70227814e-06, 0.0200170279, 0.999799609, -1, 8.70227814e-06, 8.55326653e-06, -8.55326653e-06, -0.999799609, 0.0200170279)
    wait(0.2)
    game.Players.LocalPlayer.Character.HumanoidRootPart.CFrame = CFrame.new(-11096.9756, 200.85762, 4465.38623, 8.70227814e-06, 0.0200170279, 0.999799609, -1, 8.70227814e-06, 8.55326653e-06, -8.55326653e-06, -0.999799609, 0.0200170279)
    wait(0.2)
    game.Players.LocalPlayer.Character.HumanoidRootPart.CFrame = CFrame.new(-11096.9756, 200.85762, 4465.38623, 8.70227814e-06, 0.0200170279, 0.999799609, -1, 8.70227814e-06, 8.55326653e-06, -8.55326653e-06, -0.999799609, 0.0200170279)
    wait(0.2)
